<Pose> {   'orientation': <Quaternionr> {   'w_val': 0.5650702118873596,
    'x_val': -0.05749231204390526,
    'y_val': -0.039518535137176514,
    'z_val': -0.8220880031585693},
    'position': <Vector3r> {   'x_val': 12.88,
    'y_val': 18.07,
    'z_val': -6.71}}
