<Pose> {   'orientation': <Quaternionr> {   'w_val': 0.7913556694984436,
    'x_val': -0.12220801413059235,
    'y_val': -0.16821779310703278,
    'z_val': -0.5749123692512512},
    'position': <Vector3r> {   'x_val': 3.29,
    'y_val': 14.85,
    'z_val': -7.59}}
