<Pose> {   'orientation': <Quaternionr> {   'w_val': 0.905045211315155,
    'x_val': 0.02212674915790558,
    'y_val': -0.047443173825740814,
    'z_val': 0.42208144068717957},
    'position': <Vector3r> {   'x_val': -4.52,
    'y_val': -7.83,
    'z_val': -7.05}}
