<Pose> {   'orientation': <Quaternionr> {   'w_val': 0.3582136034965515,
    'x_val': 0.024453055113554,
    'y_val': -0.00938482116907835,
    'z_val': 0.9332721829414368},
    'position': <Vector3r> {   'x_val': 17.21,
    'y_val': -8.23,
    'z_val': -7.05}}
